0.3691314030002104
0.37011270300718024
0.35631842199654784
0.3502574080048362
0.34653560700826347
0.3169739620061591
0.31998133500746917
0.32333801699860487
0.3188768940017326
0.32477932299661916
0.36665215699758846
0.36677826299273875
0.36614215599547606
0.3639948519994505
0.3647703540045768
0.35088014700158965
0.34282449599413667
0.35624872500193305
0.35398288899159525
0.34648540600028355
0.3886236819962505
0.38447636598721147
0.3858014919969719
0.4115187569987029
0.4068279339990113
0.4153839649952715
0.35517045699816663
0.3547427300072741
0.3537552439956926
0.35283504099061247
0.37834936199942604
0.3784991260035895
0.374164231994655
0.4084661730012158
0.45429167899419554
0.4306859450007323
0.36508557900378946
0.38724456999625545
0.3514037229906535
0.4558824659907259
0.37883233100001235
0.38241661099891644
0.3881098080019001
0.36463339299371
0.3662891819985816
0.37615634300163947
0.45583002700004727
0.3723807459900854
0.3655867479974404
0.3494307989894878
0.3780277290061349
0.3990018600015901
0.5392184080119478
0.5155910390021745
0.4423400889936602
0.5316385439946316
0.7261574559961446
0.7269890470051905
0.47764092301076744
0.6412844809965463
0.6044033099897206
0.5746997030073544
0.42689023599086795
0.4222873339895159
0.5302414979960304
0.38144615599594545
0.38455121299193706
0.3621101570024621
0.3613809350063093
0.35168946399062406
0.39961279000272043
0.4038285880087642
0.4665831500024069
0.4028996900015045
0.4075299460091628
0.39221579299191944
0.4091549529985059
0.36764978199789766
0.48921732800954487
0.3952695510088233
0.39634060399839655
0.39627622900297865
0.3933804289990803
0.49221902700082865
0.3985582280001836
0.3511672230088152
0.3814105549972737
0.35737434099428356
0.3644696020055562
0.3625675340008456
0.3772245009895414
0.3873175170010654
0.3822954259958351
0.3783909159974428
0.3792349249997642
0.3510465270082932
0.3575074959953781
0.3576716649986338
0.3553647880034987
0.3541780240047956
0.3441199740045704
0.348856558004627
0.35450391098856926
