0.4628185749897966
0.473781805994804
0.4597001350048231
0.4762363140034722
0.5063627060008002
0.42605661899142433
0.42568315099924803
0.427035237007658
0.4270917620015098
0.42596962000243366
0.4687294580071466
0.4705558980058413
0.46932446700520813
0.5462468399928184
0.5032078490039567
0.45844264500192367
0.4508761450124439
0.4578188689920353
0.46672262898937333
0.46946268100873567
0.5032539009989705
0.5158087590098148
0.497386008995818
0.5059460449992912
0.503261563993874
0.47898738300136756
0.46955069999967236
0.49191763100679964
0.4850331180059584
0.4662986909970641
0.48919234100321773
0.4915735479880823
0.4908420060091885
0.48988348900456913
0.5043186999973841
0.4578823640040355
0.45999727699381765
0.4775830440048594
0.4635822910058778
0.4571334620122798
0.45909202299662866
0.4577663790114457
0.4548617090040352
0.45348413499596063
0.5292525140102953
0.46695456400630064
0.4605802349979058
0.4620682189997751
0.4604387799918186
0.4581735959945945
0.47140781399502885
0.475112109008478
0.4691066200030036
0.4724081940075848
0.4791478789993562
0.48847696599841584
0.48151984400465153
0.4699955410032999
0.47299109600135125
0.47708203399088234
0.5080319870030507
0.5086655290069757
0.5046895069972379
0.5090076920023421
0.5204812950105406
0.4792803129967069
0.47998640799778514
0.4748709089908516
0.4772862370009534
0.4750755490094889
0.5625559219915885
0.5478721059917007
0.533818395997514
0.5428770010039443
0.6101567580044502
0.4822525869967649
0.48127817700151354
0.4909890010021627
0.48991613999533
0.4671153490053257
0.5041791950061452
0.5181711759942118
0.5182060499937506
0.5046696700010216
0.5148579830129165
0.46384545099863317
0.46479416100191884
0.45934184298675973
0.4553919070021948
0.45541014199261554
0.49391089400160126
0.5071934680017876
0.49396329298906494
0.49358480800583493
0.49282694699650165
0.46181219498976134
0.45641505099774804
0.46335142401221674
0.5118703440093668
0.45482452200667467
0.45839509199140593
0.45462888000474777
0.44925670500379056
